1 0.3411001461988304 0.8453541260558805 0.004934210526315789 0.014294996751137101
0 0.5069444444444444 0.03898635477582846 0.0062134502923976605 0.011695906432748537
0 0.6418128654970761 0.29272254710851203 0.007675438596491228 0.007797270955165692
0 0.6267361111111112 0.27063027940220924 0.004568713450292397 0.016244314489928524
0 0.6119334795321637 0.3162768031189084 0.004203216374269006 0.010721247563352826
0 0.737390350877193 0.20110461338531513 0.005482456140350877 0.014294996751137101
1 0.3123172514619883 0.17137751786874594 0.0043859649122807015 0.01916829109811566
1 0.0804093567251462 0.46669915529564654 0.012426900584795321 0.008122157244964262
1 0.4480994152046784 0.9702729044834308 0.005482456140350877 0.016569200779727095
1 0.8640350877192983 0.3338206627680312 0.008406432748538011 0.009421702404158544
0 0.7433296783625731 0.18762183235867447 0.004568713450292397 0.012020792722547108
1 0.41721491228070173 0.1650422352176738 0.0062134502923976605 0.016244314489928524
1 0.54203216374269 0.8310591293047433 0.007309941520467836 0.009096816114359974
1 0.4861111111111111 0.3843404808317089 0.005116959064327485 0.01364522417153996
1 0.6300255847953217 0.02355425601039636 0.007492690058479532 0.008122157244964262
1 0.1404422514619883 0.9952891487979207 0.008954678362573099 0.009421702404158544
1 0.8403691520467836 0.02079272254710851 0.008223684210526315 0.014944769330734242
1 0.8646747076023392 0.8065302144249513 0.010416666666666666 0.008771929824561403
1 0.7192982456140351 0.5370370370370371 0.007309941520467836 0.012345679012345678
0 0.6372441520467836 0.2997076023391813 0.005847953216374269 0.009421702404158544
1 0.0022843567251461987 0.538174139051332 0.004568713450292397 0.009421702404158544
1 0.40670687134502925 0.5627030539311241 0.005665204678362573 0.015594541910331383
1 0.2071454678362573 0.661143599740091 0.006761695906432748 0.011046133853151396
1 0.6589912280701754 0.6130604288499025 0.008771929824561403 0.008447043534762833
1 0.7370248538011696 0.5423976608187134 0.004751461988304093 0.015269655620532813
1 0.7658077485380117 0.16228070175438597 0.007858187134502924 0.009421702404158544
1 0.4100877192982456 0.7685185185185185 0.005482456140350877 0.010721247563352826
1 0.2717470760233918 0.9358349577647823 0.0062134502923976605 0.012670565302144249
0 0.75 0.17446393762183235 0.00804093567251462 0.007797270955165692
1 0.6091922514619883 0.3315464587394412 0.00712719298245614 0.011371020142949967
0 0.49396929824561403 0.5669265756985056 0.006944444444444444 0.011046133853151396
0 0.640625 0.3357699805068226 0.004203216374269006 0.010721247563352826
1 0.8802083333333334 0.588856400259909 0.006761695906432748 0.009421702404158544
1 0.04833698830409357 0.566114359974009 0.011513157894736841 0.010071474983755685
1 0.3271198830409357 0.41894087069525665 0.009868421052631578 0.012670565302144249
1 0.5110562865497076 0.028265107212475632 0.007858187134502924 0.007797270955165692
1 0.519828216374269 0.501137102014295 0.006761695906432748 0.010071474983755685
