1 0.45303362573099415 0.39766081871345027 0.00804093567251462 0.00649772579597141
0 0.5258589181286549 0.9070825211176088 0.009685672514619883 0.010396361273554255
0 0.6530519005847953 0.403183885640026 0.008223684210526315 0.011046133853151396
0 0.632218567251462 0.5053606237816765 0.006030701754385965 0.010721247563352826
1 0.5074926900584795 0.45727745289148797 0.005116959064327485 0.017868745938921377
1 0.8449378654970761 0.9429824561403509 0.006030701754385965 0.017218973359324236
0 0.6223501461988304 0.4512670565302144 0.006030701754385965 0.016244314489928524
0 0.6401681286549707 0.910006497725796 0.005847953216374269 0.02014294996751137
1 0.6283808479532164 0.45240415854450944 0.00712719298245614 0.012670565302144249
0 0.6156798245614035 0.5919428200129955 0.004751461988304093 0.018193632228719947
1 0.07858187134502924 0.6980181936322287 0.008771929824561403 0.016569200779727095
1 0.7557565789473685 0.8089668615984406 0.00932017543859649 0.00649772579597141
1 0.11558845029239766 0.9881416504223521 0.010051169590643274 0.008771929824561403
1 0.5163559941520468 0.9087069525666017 0.008223684210526315 0.009746588693957114
1 0.6347770467836257 0.26933073424301496 0.00712719298245614 0.011046133853151396
0 0.6212536549707602 0.8968486029889539 0.006030701754385965 0.010071474983755685
1 0.06889619883040936 0.7857374918778428 0.006578947368421052 0.01332033788174139
0 0.7582236842105263 0.5875568551007148 0.0062134502923976605 0.008771929824561403
1 0.6875 0.6978557504873294 0.005482456140350877 0.016244314489928524
1 0.3258406432748538 0.9226770630279402 0.005482456140350877 0.016244314489928524
0 0.5190058479532164 0.6585445094217024 0.008406432748538011 0.008447043534762833
1 0.43832236842105265 0.6998050682261209 0.005299707602339181 0.018193632228719947
1 0.45020102339181284 0.15708252111760884 0.006396198830409356 0.017218973359324236
1 0.9370431286549707 0.6830734243014944 0.006761695906432748 0.01397011046133853
0 0.8892543859649122 0.1596816114359974 0.006578947368421052 0.01397011046133853
0 0.6035270467836257 0.4967511371020143 0.007492690058479532 0.011046133853151396
1 0.2810672514619883 0.40025990903183883 0.005847953216374269 0.018193632228719947
1 0.2029422514619883 0.7087394411955815 0.012244152046783625 0.005523066926575698
1 0.4178545321637427 0.9792072774528915 0.008589181286549707 0.011046133853151396
1 0.12180190058479533 0.36728395061728397 0.004568713450292397 0.01397011046133853
0 0.6483918128654971 0.5263157894736842 0.005116959064327485 0.014944769330734242
1 0.00932017543859649 0.6721897335932424 0.006944444444444444 0.012345679012345678
1 0.5346308479532164 0.22189733593242364 0.005665204678362573 0.009746588693957114
0 0.4071637426900585 0.6910331384015594 0.008406432748538011 0.009096816114359974
1 0.772843567251462 0.28476283300844707 0.00402046783625731 0.014619883040935672
1 0.6948099415204678 0.6297920727745289 0.009137426900584795 0.008771929824561403
1 0.5358187134502924 0.5893437296946069 0.007309941520467836 0.01299545159194282
