1 0.7199378654970761 0.5821962313190383 0.006030701754385965 0.010396361273554255
1 0.8601059941520468 0.5497076023391813 0.006761695906432748 0.007797270955165692
1 0.5391081871345029 0.6312540610786225 0.005116959064327485 0.005847953216374269
0 0.4463633040935672 0.6180961663417803 0.005299707602339181 0.012020792722547108
1 0.7819809941520468 0.03378817413905133 0.0062134502923976605 0.011695906432748537
1 0.8154239766081871 0.6525341130604289 0.00402046783625731 0.008771929824561403
0 0.13687865497076024 0.14376218323586745 0.004751461988304093 0.011371020142949967
1 0.725968567251462 0.47774528914879794 0.006396198830409356 0.010721247563352826
1 0.35773026315789475 0.45402858999350226 0.006396198830409356 0.008122157244964262
1 0.5338998538011696 0.42657569850552307 0.005299707602339181 0.009096816114359974
1 0.783625730994152 0.2807017543859649 0.005847953216374269 0.007797270955165692
1 0.35983187134502925 0.10087719298245613 0.004751461988304093 0.012670565302144249
1 0.14820906432748537 0.564327485380117 0.005847953216374269 0.011046133853151396
1 0.24552266081871346 0.28492527615334634 0.00712719298245614 0.00649772579597141
1 0.05317982456140351 0.020630279402209226 0.0043859649122807015 0.01397011046133853
1 0.6239035087719298 0.2751786874593892 0.00402046783625731 0.007797270955165692
1 0.001918859649122807 0.9091942820012996 0.003837719298245614 0.01332033788174139
1 0.39300073099415206 0.012345679012345678 0.005299707602339181 0.009746588693957114
0 0.5304276315789473 0.6359649122807017 0.004568713450292397 0.00682261208576998
1 0.970577485380117 0.9475308641975309 0.006944444444444444 0.008122157244964262
1 0.46884137426900585 0.9317738791423001 0.004934210526315789 0.008447043534762833
1 0.37646198830409355 0.7803768680961664 0.007309941520467836 0.014294996751137101
1 0.5022843567251462 0.1364522417153996 0.006761695906432748 0.011695906432748537
1 0.627375730994152 0.0781351526965562 0.005847953216374269 0.00682261208576998
1 0.6930738304093568 0.3724821312540611 0.006030701754385965 0.010071474983755685
1 0.6769005847953217 0.9944769330734243 0.0062134502923976605 0.010396361273554255
1 0.4758771929824561 0.46068875893437294 0.0062134502923976605 0.007797270955165692
1 0.45842470760233917 0.5524691358024691 0.006396198830409356 0.007472384665367121
1 0.5100511695906432 0.7985705003248863 0.004751461988304093 0.007797270955165692
1 0.32456140350877194 0.640675763482781 0.005482456140350877 0.007797270955165692
1 0.8872441520467836 0.4359974009096816 0.00804093567251462 0.010396361273554255
1 0.8797514619883041 0.7327810266406758 0.005116959064327485 0.007472384665367121
1 0.4656432748538012 0.35315139701104614 0.00402046783625731 0.011695906432748537
1 0.75 0.8321962313190383 0.0043859649122807015 0.010071474983755685
1 0.6007858187134503 0.8461663417803769 0.006030701754385965 0.007472384665367121
1 0.2183845029239766 0.36533463287849255 0.007675438596491228 0.00682261208576998
1 0.05619517543859649 0.41163092917478883 0.005665204678362573 0.01299545159194282
1 0.17269736842105263 0.9446068875893437 0.007675438596491228 0.008122157244964262
1 0.03070175438596491 0.8045808966861598 0.003654970760233918 0.010071474983755685
