0 0.6570723684210527 0.3533138401559454 0.010051169590643274 0.009421702404158544
1 0.5058479532163743 0.836582196231319 0.009502923976608187 0.012345679012345678
1 0.5579312865497076 0.30084470435347627 0.006944444444444444 0.011695906432748537
0 0.6397112573099415 0.9306367771280052 0.00712719298245614 0.0198180636777128
0 0.624360380116959 0.46832358674463936 0.00712719298245614 0.009421702404158544
0 0.6754385964912281 0.8846653671215075 0.004751461988304093 0.015594541910331383
1 0.28444809941520466 0.44834307992202727 0.004934210526315789 0.010396361273554255
1 0.6766264619883041 0.7347303443794672 0.008223684210526315 0.00682261208576998
1 0.7579495614035088 0.7529239766081871 0.005665204678362573 0.015919428200129954
0 0.45093201754385964 0.41000649772579595 0.003837719298245614 0.011695906432748537
1 0.7616045321637427 0.3157894736842105 0.006396198830409356 0.014294996751137101
0 0.624360380116959 0.45094217024041583 0.003472222222222222 0.017543859649122806
1 0.2582236842105263 0.6877842755035738 0.00804093567251462 0.009096816114359974
0 0.4123720760233918 0.6972059779077323 0.006396198830409356 0.01949317738791423
1 0.4552266081871345 0.7256335282651072 0.005116959064327485 0.0198180636777128
0 0.6597222222222222 0.906595191682911 0.007309941520467836 0.007472384665367121
1 0.42543859649122806 0.9783950617283951 0.006578947368421052 0.008771929824561403
1 0.515625 0.7240090968161144 0.008223684210526315 0.01332033788174139
1 0.7378472222222222 0.5730994152046783 0.010782163742690058 0.014294996751137101
1 0.939327485380117 0.6749512670565302 0.006578947368421052 0.01332033788174139
1 0.5225694444444444 0.36371020142949967 0.006030701754385965 0.017868745938921377
0 0.6567068713450293 0.944769330734243 0.007858187134502924 0.009096816114359974
1 0.8643092105263158 0.924788823911631 0.006030701754385965 0.010071474983755685
1 0.09923245614035088 0.42543859649122806 0.007675438596491228 0.010721247563352826
1 0.006853070175438596 0.682261208576998 0.005299707602339181 0.011695906432748537
1 0.6314875730994152 0.36825860948667966 0.00712719298245614 0.011371020142949967
0 0.6122989766081871 0.4537037037037037 0.007858187134502924 0.008122157244964262
1 0.2735745614035088 0.05847953216374269 0.0062134502923976605 0.018843404808317088
1 0.6400767543859649 0.2787524366471735 0.00712719298245614 0.017543859649122806
0 0.47021198830409355 0.3898635477582846 0.007675438596491228 0.010396361273554255
1 0.33771929824561403 0.8885640025990903 0.007675438596491228 0.007147498375568551
1 0.39555921052631576 0.197043534762833 0.007858187134502924 0.007472384665367121
0 0.515625 0.8926250812215725 0.003472222222222222 0.01397011046133853
1 0.6764437134502924 0.9309616634178037 0.006030701754385965 0.017218973359324236
0 0.6598135964912281 0.44753086419753085 0.004203216374269006 0.010071474983755685
0 0.485562865497076 0.8611111111111112 0.005847953216374269 0.017868745938921377
