1 0.09502923976608187 0.6864847303443795 0.005482456140350877 0.012345679012345678
1 0.4153874269005848 0.006172839506172839 0.005482456140350877 0.012345679012345678
1 0.40021929824561403 0.9957764782326186 0.006944444444444444 0.008447043534762833
1 0.37033991228070173 0.4548408057179987 0.005665204678362573 0.01299545159194282
0 0.7521016081871345 0.6054256010396362 0.006030701754385965 0.007472384665367121
1 0.9569627192982456 0.11988304093567251 0.010416666666666666 0.007147498375568551
1 0.2700109649122807 0.8551007147498375 0.004568713450292397 0.009746588693957114
1 0.015625 0.5745614035087719 0.008223684210526315 0.00682261208576998
1 0.28691520467836257 0.5890188434048084 0.005482456140350877 0.005847953216374269
1 0.9542214912280702 0.31773879142300193 0.004934210526315789 0.008447043534762833
1 0.22971491228070176 0.2191358024691358 0.007309941520467836 0.008771929824561403
1 0.9102704678362573 0.7884990253411306 0.008406432748538011 0.00649772579597141
1 0.7008406432748538 0.1410006497725796 0.006944444444444444 0.010396361273554255
1 0.867781432748538 0.6528589993502274 0.004934210526315789 0.011371020142949967
1 0.8858735380116959 0.5487329434697856 0.006761695906432748 0.011695906432748537
1 0.7623355263157895 0.7248213125406108 0.004568713450292397 0.009096816114359974
1 0.9389619883040936 0.4048083170890188 0.007675438596491228 0.016894087069525665
1 0.44106359649122806 0.7537361923326835 0.004203216374269006 0.010396361273554255
1 0.41054459064327486 0.23375568551007148 0.006030701754385965 0.007472384665367121
1 0.6647478070175439 0.5238791423001949 0.008954678362573099 0.008771929824561403
1 0.9327485380116959 0.2576348278102664 0.0062134502923976605 0.015594541910331383
1 0.5250365497076024 0.5272904483430799 0.006578947368421052 0.009096816114359974
1 0.2204861111111111 0.24707602339181287 0.008954678362573099 0.008122157244964262
1 0.7829861111111112 0.07358674463937621 0.004568713450292397 0.008771929824561403
1 0.6733369883040936 0.5251786874593892 0.00712719298245614 0.00682261208576998
1 0.6356907894736842 0.23846653671215073 0.004568713450292397 0.009096816114359974
1 0.49954312865497075 0.15334632878492527 0.004568713450292397 0.010396361273554255
1 0.749360380116959 0.408869395711501 0.004568713450292397 0.010071474983755685
