1 0.35599415204678364 0.14473684210526316 0.00402046783625731 0.017218973359324236
1 0.2120796783625731 0.29028589993502274 0.006030701754385965 0.015919428200129954
1 0.7011147660818714 0.9403833658219624 0.007858187134502924 0.014619883040935672
1 0.966374269005848 0.8333333333333334 0.007309941520467836 0.016894087069525665
1 0.9922331871345029 0.9861923326835608 0.008223684210526315 0.012670565302144249
1 0.6297514619883041 0.6692657569850552 0.005116959064327485 0.022742040285899934
1 0.9071637426900585 0.04857050032488629 0.013157894736842105 0.012670565302144249
1 0.22304459064327486 0.6590318388564003 0.003837719298245614 0.01397011046133853
1 0.4826388888888889 0.2945094217024042 0.0062134502923976605 0.01332033788174139
1 0.8367141812865497 0.9049707602339181 0.007858187134502924 0.016569200779727095
1 0.5370065789473685 0.03654970760233918 0.007492690058479532 0.014619883040935672
1 0.5046600877192983 0.07179987004548408 0.007858187134502924 0.010396361273554255
1 0.41547880116959063 0.9847303443794672 0.004568713450292397 0.01364522417153996
1 0.9856542397660819 0.9166666666666666 0.012975146198830409 0.009421702404158544
1 0.5110562865497076 0.07894736842105263 0.006030701754385965 0.016244314489928524
1 0.6328581871345029 0.2821637426900585 0.004751461988304093 0.016569200779727095
1 0.09850146198830409 0.6284925276153346 0.005847953216374269 0.012020792722547108
1 0.7017543859649122 0.3023066926575699 0.009868421052631578 0.009421702404158544
1 0.38651315789473684 0.788174139051332 0.006944444444444444 0.01364522417153996
0 0.97359283625731 0.99545159194282 0.006761695906432748 0.007797270955165692
1 0.3286732456140351 0.4285250162443145 0.005665204678362573 0.008447043534762833
1 0.7090643274853801 0.053118908382066274 0.00804093567251462 0.009421702404158544
1 0.09365862573099415 0.9283625730994152 0.00712719298245614 0.011371020142949967
1 0.7675438596491229 0.5146198830409356 0.00804093567251462 0.009096816114359974
1 0.9906798245614035 0.625893437296946 0.01425438596491228 0.01397011046133853
1 0.8742690058479532 0.4428200129954516 0.010599415204678362 0.011046133853151396
1 0.5147112573099415 0.5412605588044185 0.008589181286549707 0.009096816114359974
