0 0.4114583333333333 0.6989928525016245 0.00712719298245614 0.015269655620532813
1 0.09950657894736842 0.4269005847953216 0.008223684210526315 0.010396361273554255
1 0.752375730994152 0.7391163092917479 0.00804093567251462 0.014294996751137101
1 0.5197368421052632 0.8827160493827161 0.007675438596491228 0.011046133853151396
0 0.6332236842105263 0.44509421702404156 0.007675438596491228 0.00649772579597141
1 0.6620979532163743 0.38742690058479534 0.006944444444444444 0.009421702404158544
0 0.5140716374269005 0.8910006497725796 0.008406432748538011 0.014619883040935672
1 0.3381761695906433 0.8884015594541911 0.007858187134502924 0.007472384665367121
1 0.45303362573099415 0.7007797270955166 0.007675438596491228 0.014944769330734242
0 0.6623720760233918 0.9155295646523717 0.006761695906432748 0.009746588693957114
0 0.45056652046783624 0.4109811565951917 0.005299707602339181 0.011695906432748537
1 0.00758406432748538 0.682261208576998 0.005299707602339181 0.011046133853151396
0 0.47002923976608185 0.3901884340480832 0.006944444444444444 0.009746588693957114
1 0.2741228070175439 0.05880441845354126 0.005847953216374269 0.014294996751137101
0 0.6583516081871345 0.9056205328135153 0.005299707602339181 0.007472384665367121
1 0.9384137426900585 0.6738141650422352 0.006578947368421052 0.01299545159194282
0 0.49451754385964913 0.8463287849252762 0.005116959064327485 0.018843404808317088
1 0.7180190058479532 0.5659519168291098 0.008406432748538011 0.009096816114359974
0 0.6242690058479532 0.4007472384665367 0.0062134502923976605 0.010721247563352826
0 0.6437317251461988 0.3724821312540611 0.007492690058479532 0.006172839506172839
0 0.6741593567251462 0.8840155945419104 0.005482456140350877 0.014294996751137101
0 0.6428179824561403 0.4109811565951917 0.006761695906432748 0.008447043534762833
1 0.8629385964912281 0.9238141650422352 0.005482456140350877 0.010071474983755685
1 0.6418128654970761 0.26039636127355426 0.009868421052631578 0.00682261208576998
1 0.5191885964912281 0.2753411306042885 0.0062134502923976605 0.012670565302144249
1 0.4161184210526316 0.21085120207927224 0.007675438596491228 0.007797270955165692
1 0.504203216374269 0.4559779077322937 0.009502923976608187 0.012670565302144249
0 0.6144005847953217 0.45614035087719296 0.0062134502923976605 0.009746588693957114
0 0.6465643274853801 0.9186159844054581 0.00804093567251462 0.008771929824561403
1 0.42406798245614036 0.978882391163093 0.007858187134502924 0.011695906432748537
1 0.28481359649122806 0.44883040935672514 0.004934210526315789 0.011371020142949967
1 0.6598135964912281 0.8845029239766082 0.00712719298245614 0.010071474983755685
1 0.6811951754385965 0.7335932423651722 0.008589181286549707 0.007147498375568551
1 0.25840643274853803 0.6881091617933723 0.008406432748538011 0.009096816114359974
1 0.7502741228070176 0.35737491877842753 0.00712719298245614 0.014294996751137101
1 0.49725877192982454 0.7220597790773229 0.005482456140350877 0.02046783625730994
