0 0.5966739766081871 0.4668615984405458 0.005116959064327485 0.011046133853151396
1 0.6429093567251462 0.2553606237816764 0.007675438596491228 0.010396361273554255
0 0.6059941520467836 0.49415204678362573 0.006944444444444444 0.015594541910331383
1 0.5218384502923976 0.4730344379467186 0.008223684210526315 0.008447043534762833
1 0.06048976608187134 0.8081546458739441 0.00804093567251462 0.00682261208576998
0 0.6739766081871345 0.8871020142949968 0.004751461988304093 0.014619883040935672
1 0.24067982456140352 0.33430799220272905 0.005116959064327485 0.01364522417153996
1 0.44727704678362573 0.7279077322936972 0.006761695906432748 0.014619883040935672
0 0.6495796783625731 0.42007797270955166 0.006761695906432748 0.008447043534762833
1 0.24305555555555555 0.07862248213125406 0.005847953216374269 0.01364522417153996
0 0.10334429824561403 0.7196231319038336 0.009685672514619883 0.009746588693957114
1 0.8627558479532164 0.9294996751137102 0.005847953216374269 0.011046133853151396
1 0.737390350877193 0.5895061728395061 0.009502923976608187 0.016569200779727095
0 0.6252741228070176 0.447043534762833 0.008589181286549707 0.007797270955165692
0 0.5257675438596491 0.8807667316439246 0.006944444444444444 0.011046133853151396
0 0.6506761695906432 0.9199155295646524 0.007858187134502924 0.008122157244964262
1 0.5045687134502924 0.8442170240415855 0.007309941520467836 0.01916829109811566
1 0.7733918128654971 0.28118908382066277 0.005116959064327485 0.015269655620532813
1 0.16072733918128654 0.9291747888239116 0.007858187134502924 0.012345679012345678
1 0.37874634502923976 0.21003898635477583 0.005665204678362573 0.012670565302144249
1 0.9904970760233918 0.9824561403508771 0.008406432748538011 0.02079272254710851
1 0.5339912280701754 0.2181611435997401 0.003654970760233918 0.01332033788174139
1 0.7363852339181286 0.7766406757634828 0.00932017543859649 0.017868745938921377
0 0.7711074561403509 0.5986029889538661 0.008589181286549707 0.009421702404158544
0 0.6389802631578947 0.39814814814814814 0.003837719298245614 0.015269655620532813
1 0.6252741228070176 0.8836907082521117 0.004934210526315789 0.016244314489928524
1 0.5173611111111112 0.7186484730344379 0.00804093567251462 0.009746588693957114
0 0.4239766081871345 0.6933073424301495 0.0043859649122807015 0.016894087069525665
1 0.40268640350877194 0.9766081871345029 0.007858187134502924 0.007147498375568551
1 0.006944444444444444 0.6790123456790124 0.006944444444444444 0.01364522417153996
1 0.32629751461988304 0.9589018843404808 0.006396198830409356 0.015919428200129954
1 0.08908991228070176 0.8307342430149448 0.009685672514619883 0.011695906432748537
0 0.6365131578947368 0.43680961663417806 0.00804093567251462 0.007472384665367121
1 0.1248172514619883 0.4093567251461988 0.008771929824561403 0.011695906432748537
1 0.627375730994152 0.45419103313840153 0.005482456140350877 0.014294996751137101
0 0.897203947368421 0.1111111111111111 0.00712719298245614 0.01364522417153996
1 0.6621893274853801 0.7348927875243665 0.008223684210526315 0.007797270955165692
1 0.18375365497076024 0.7569850552306693 0.00932017543859649 0.00649772579597141
0 0.47386695906432746 0.8450292397660819 0.0062134502923976605 0.010396361273554255
0 0.4440789473684211 0.3953866146848603 0.004751461988304093 0.018843404808317088
0 0.6455592105263158 0.8908382066276803 0.00712719298245614 0.011695906432748537
1 0.9385964912280702 0.6790123456790124 0.0062134502923976605 0.01364522417153996
