1 0.519828216374269 0.7532488628979858 0.003472222222222222 0.012020792722547108
1 0.6485745614035088 0.3492527615334633 0.008771929824561403 0.011046133853151396
1 0.8411915204678363 0.008122157244964262 0.00402046783625731 0.010396361273554255
1 0.7861842105263158 0.6944444444444444 0.005116959064327485 0.016569200779727095
1 0.8086622807017544 0.2696556205328135 0.00804093567251462 0.008447043534762833
0 0.8211805555555556 0.7475633528265108 0.006761695906432748 0.00649772579597141
1 0.7005665204678363 0.5430474333983106 0.00712719298245614 0.00682261208576998
1 0.8751827485380117 0.5951916829109811 0.00402046783625731 0.01299545159194282
1 0.32108918128654973 0.32878492527615333 0.007675438596491228 0.009096816114359974
1 0.65140716374269 0.6289798570500325 0.007492690058479532 0.010396361273554255
1 0.42772295321637427 0.8568875893437297 0.004568713450292397 0.010071474983755685
1 0.6624634502923976 0.1850227420402859 0.006578947368421052 0.008122157244964262
1 0.3973866959064328 0.4624756335282651 0.008223684210526315 0.01332033788174139
0 0.9581505847953217 0.4870045484080572 0.007309941520467836 0.005847953216374269
1 0.5496162280701754 0.917478882391163 0.005665204678362573 0.007147498375568551
1 0.985014619883041 0.5730994152046783 0.007309941520467836 0.01299545159194282
1 0.46765350877192985 0.388401559454191 0.0062134502923976605 0.015269655620532813
1 0.2886513157894737 0.6617933723196882 0.006396198830409356 0.012345679012345678
1 0.9184941520467836 0.13206627680311891 0.005847953216374269 0.01332033788174139
1 0.18987573099415206 0.5745614035087719 0.004751461988304093 0.010721247563352826
1 0.2819809941520468 0.9307992202729045 0.0062134502923976605 0.011695906432748537
1 0.8446637426900585 0.9082196231319039 0.004751461988304093 0.010721247563352826
1 0.45321637426900585 0.0056855100714749834 0.005482456140350877 0.010721247563352826
1 0.031158625730994153 0.5456465237166992 0.004934210526315789 0.008122157244964262
1 0.1440058479532164 0.05084470435347628 0.005116959064327485 0.011371020142949967
1 0.5401133040935673 0.08560753736192332 0.006761695906432748 0.01332033788174139
1 0.5140716374269005 0.5730994152046783 0.005847953216374269 0.016894087069525665
1 0.22139985380116958 0.8739441195581547 0.003837719298245614 0.012345679012345678
1 0.370796783625731 0.27063027940220924 0.006578947368421052 0.00649772579597141
1 0.6567068713450293 0.8044184535412605 0.00712719298245614 0.011695906432748537
1 0.6593567251461988 0.6374269005847953 0.007309941520467836 0.009746588693957114
1 0.43795687134502925 0.6648797920727745 0.006030701754385965 0.017868745938921377
1 0.7913925438596491 0.8468161143599741 0.006396198830409356 0.015919428200129954
1 0.9162097953216374 0.7837881741390513 0.005665204678362573 0.011371020142949967
1 0.9015899122807017 0.38628979857050033 0.006761695906432748 0.012345679012345678
1 0.632218567251462 0.0638401559454191 0.004934210526315789 0.010071474983755685
1 0.781889619883041 0.458414554905783 0.006396198830409356 0.009096816114359974
1 0.08963815789473684 0.42917478882391163 0.005665204678362573 0.007797270955165692
1 0.8991228070175439 0.3291098115659519 0.0062134502923976605 0.01364522417153996
0 0.8742690058479532 0.8406432748538012 0.006944444444444444 0.007472384665367121
1 0.7743055555555556 0.7610461338531515 0.0062134502923976605 0.015919428200129954
1 0.6335891812865497 0.391812865497076 0.005482456140350877 0.014294996751137101
1 0.32748538011695905 0.04938271604938271 0.0062134502923976605 0.007147498375568551
