1 0.662828947368421 0.17901234567901234 0.0062134502923976605 0.011695906432748537
1 0.9859283625730995 0.5709876543209876 0.007309941520467836 0.012020792722547108
1 0.8062865497076024 0.45402858999350226 0.007675438596491228 0.011371020142949967
1 0.42315423976608185 0.26526965562053284 0.007492690058479532 0.008122157244964262
1 0.33114035087719296 0.8947368421052632 0.008406432748538011 0.016244314489928524
1 0.022021198830409358 0.23635477582846004 0.005665204678362573 0.01332033788174139
1 0.6154057017543859 0.4692982456140351 0.008223684210526315 0.00682261208576998
1 0.8812134502923976 0.17901234567901234 0.006578947368421052 0.009746588693957114
1 0.5528143274853801 0.6785250162443145 0.006578947368421052 0.007472384665367121
0 0.4236111111111111 0.667478882391163 0.005116959064327485 0.01332033788174139
1 0.8014437134502924 0.5974658869395711 0.00712719298245614 0.012345679012345678
1 0.7594115497076024 0.3107537361923327 0.007492690058479532 0.015919428200129954
1 0.4629934210526316 0.44655620532813517 0.008954678362573099 0.008122157244964262
1 0.8470394736842105 0.9384340480831709 0.005116959064327485 0.011371020142949967
1 0.6408991228070176 0.96816114359974 0.005482456140350877 0.009746588693957114
1 0.25703581871345027 0.7056530214424951 0.006396198830409356 0.008447043534762833
1 0.3927266081871345 0.5380116959064327 0.00804093567251462 0.007147498375568551
1 0.9328399122807017 0.6864847303443795 0.008223684210526315 0.018193632228719947
1 0.29239766081871343 0.4316114359974009 0.006944444444444444 0.012020792722547108
1 0.5167214912280702 0.9056205328135153 0.005665204678362573 0.02111760883690708
1 0.2847222222222222 0.020305393112410655 0.008406432748538011 0.010721247563352826
