1 0.5383771929824561 0.6312540610786225 0.004751461988304093 0.008447043534762833
1 0.6763523391812866 0.9944769330734243 0.005482456140350877 0.011046133853151396
1 0.859375 0.549545159194282 0.006030701754385965 0.00682261208576998
1 0.464546783625731 0.3473034437946719 0.005116959064327485 0.012345679012345678
1 0.32419590643274854 0.6410006497725796 0.004751461988304093 0.008447043534762833
1 0.0022843567251461987 0.9085445094217024 0.004568713450292397 0.010721247563352826
1 0.147843567251462 0.5653021442495126 0.0062134502923976605 0.008447043534762833
0 0.4458150584795322 0.6197205977907733 0.004568713450292397 0.010071474983755685
0 0.13687865497076024 0.1410006497725796 0.00402046783625731 0.010396361273554255
1 0.03216374269005848 0.8039311241065628 0.005116959064327485 0.010071474983755685
1 0.6001461988304093 0.8451916829109811 0.005847953216374269 0.008122157244964262
1 0.8866045321637427 0.43534762833008445 0.008589181286549707 0.010396361273554255
1 0.6271929824561403 0.07992202729044834 0.0062134502923976605 0.009746588693957114
1 0.24579678362573099 0.2850877192982456 0.006944444444444444 0.006172839506172839
1 0.5429459064327485 0.4285250162443145 0.005482456140350877 0.012345679012345678
1 0.7502741228070176 0.8315464587394412 0.004203216374269006 0.011371020142949967
1 0.05537280701754386 0.4130929174788824 0.0043859649122807015 0.011371020142949967
1 0.7826206140350878 0.03151397011046134 0.007858187134502924 0.010396361273554255
1 0.9696637426900585 0.9472059779077323 0.006578947368421052 0.00682261208576998
1 0.8790204678362573 0.732943469785575 0.005116959064327485 0.007147498375568551
1 0.3599232456140351 0.1023391812865497 0.004568713450292397 0.01364522417153996
0 0.21966374269005848 0.36582196231319036 0.006578947368421052 0.00649772579597141
1 0.43475877192982454 0.5466211825860948 0.006944444444444444 0.008771929824561403
1 0.4761513157894737 0.4603638726445744 0.006396198830409356 0.008447043534762833
1 0.5102339181286549 0.7946718648473035 0.004751461988304093 0.014294996751137101
1 0.0535453216374269 0.0198180636777128 0.00402046783625731 0.012345679012345678
1 0.3932748538011696 0.012833008447043534 0.005847953216374269 0.009421702404158544
1 0.5021016081871345 0.13612735542560103 0.005299707602339181 0.011046133853151396
1 0.624360380116959 0.2742040285899935 0.005665204678362573 0.011046133853151396
1 0.19745979532163743 0.9244639376218323 0.006030701754385965 0.006172839506172839
1 0.3819444444444444 0.4705977907732294 0.005847953216374269 0.00682261208576998
1 0.7835343567251462 0.2808641975308642 0.006030701754385965 0.008771929824561403
1 0.7203033625730995 0.5817089018843404 0.005665204678362573 0.010721247563352826
1 0.37627923976608185 0.7813515269655621 0.006944444444444444 0.01299545159194282
1 0.8135051169590644 0.6517218973359324 0.006761695906432748 0.008447043534762833
1 0.7256030701754386 0.47742040285899934 0.006396198830409356 0.010721247563352826
1 0.4683845029239766 0.9307992202729045 0.0043859649122807015 0.008447043534762833
1 0.6931652046783626 0.3721572449642625 0.0062134502923976605 0.010721247563352826
