1 0.9359466374269005 0.6895711500974658 0.004934210526315789 0.011371020142949967
1 0.25977704678362573 0.7063027940220923 0.00712719298245614 0.009096816114359974
1 0.43740862573099415 0.26721897335932426 0.00712719298245614 0.009421702404158544
1 0.5185489766081871 0.9104938271604939 0.006761695906432748 0.012020792722547108
1 0.8040021929824561 0.5984405458089669 0.007492690058479532 0.01364522417153996
1 0.025219298245614034 0.31887589343729694 0.010599415204678362 0.010071474983755685
1 0.8837719298245614 0.17998700454840805 0.006578947368421052 0.009746588693957114
1 0.33379020467836257 0.8950617283950617 0.00712719298245614 0.014294996751137101
1 0.996984649122807 0.5441845354126056 0.006030701754385965 0.011046133853151396
1 0.665296052631579 0.1806367771280052 0.006761695906432748 0.011695906432748537
1 0.42635233918128657 0.6687784275503573 0.004751461988304093 0.012670565302144249
1 0.555281432748538 0.6798245614035088 0.006761695906432748 0.008771929824561403
1 0.643640350877193 0.9699480181936322 0.0062134502923976605 0.008771929824561403
1 0.17945906432748537 0.4371345029239766 0.008406432748538011 0.005523066926575698
1 0.49415204678362573 0.003898635477582846 0.005482456140350877 0.007797270955165692
1 0.6134868421052632 0.46864847303443796 0.008771929824561403 0.010071474983755685
1 0.8495065789473685 0.9400584795321637 0.004934210526315789 0.010721247563352826
1 0.46518640350877194 0.44834307992202727 0.00932017543859649 0.008447043534762833
1 0.3855994152046784 0.5490578297595842 0.009137426900584795 0.00649772579597141
1 0.7620614035087719 0.3117283950617284 0.008406432748538011 0.01332033788174139
1 0.2953216374269006 0.00649772579597141 0.006578947368421052 0.01299545159194282
1 0.8091191520467836 0.4554905782975958 0.008589181286549707 0.011695906432748537
