1 0.22441520467836257 0.20955165692007796 0.005116959064327485 0.010396361273554255
1 0.410453216374269 0.23375568551007148 0.0062134502923976605 0.007472384665367121
1 0.8860562865497076 0.5510071474983755 0.006761695906432748 0.010396361273554255
1 0.5004568713450293 0.1539961013645224 0.004568713450292397 0.014294996751137101
1 0.8893457602339181 0.36744639376218324 0.007492690058479532 0.011046133853151396
1 0.9157529239766082 0.2985705003248863 0.006578947368421052 0.007147498375568551
1 0.783625730994152 0.07553606237816764 0.004751461988304093 0.008122157244964262
1 0.36970029239766083 0.45435347628330086 0.005482456140350877 0.014619883040935672
1 0.015350877192982455 0.5740740740740741 0.010599415204678362 0.012345679012345678
1 0.7180190058479532 0.17430149447693308 0.00804093567251462 0.012670565302144249
1 0.7619700292397661 0.7262833008447044 0.004568713450292397 0.012020792722547108
1 0.7494517543859649 0.4106562703053931 0.004751461988304093 0.009096816114359974
1 0.9130116959064327 0.7886614684860299 0.007675438596491228 0.008122157244964262
1 0.2122624269005848 0.23846653671215073 0.006761695906432748 0.011046133853151396
1 0.09347587719298246 0.6846978557504874 0.007492690058479532 0.012670565302144249
1 0.28636695906432746 0.5886939571150097 0.005482456140350877 0.00649772579597141
1 0.9578764619883041 0.12183235867446393 0.010416666666666666 0.007147498375568551
1 0.4406067251461988 0.7542235217673814 0.00402046783625731 0.009421702404158544
1 0.2690972222222222 0.854775828460039 0.004568713450292397 0.009746588693957114
1 0.5247624269005848 0.5279402209226771 0.006030701754385965 0.011046133853151396
1 0.41657529239766083 0.007797270955165692 0.006030701754385965 0.01299545159194282
1 0.6853983918128655 0.5383365821962314 0.007858187134502924 0.01364522417153996
0 0.752375730994152 0.6073749187784275 0.0062134502923976605 0.008122157244964262
1 0.8674159356725146 0.6551332033788174 0.005299707602339181 0.010721247563352826
1 0.6361476608187134 0.23830409356725146 0.0043859649122807015 0.008771929824561403
1 0.9297331871345029 0.3945743989603639 0.00712719298245614 0.006172839506172839
1 0.689327485380117 0.5467836257309941 0.0062134502923976605 0.014294996751137101
